Sub 	 Ingroup-120 	 Ingroup-93 	 Ingroup-75 	 Ingroup-66 	 Outgroup-120 	 Outgroup-93 	 Outgroup-75 	 Outgroup-66 	 
MS_11_909	2.5859	3.0397	1.6939	1.4607	1.8118	2.4914	2.1510	1.7273	
MS_13_916	1.6798	1.2889	1.3854	1.4942	1.3748	1.5976	1.4933	1.3075	
MS_16_913	1.1676	2.0168	1.4364	1.2528	1.2243	1.5915	1.3303	1.0865	
MS_17_920	1.8366	1.5152	1.3895	1.5466	2.7146	2.4843	2.2397	2.2432	
MS_19_917	2.8177	3.3642	2.3456	1.3776	2.0682	2.7327	3.1977	1.9701	
MS_1_904_	2.4521	2.7303	2.0020	1.9858	2.5025	2.5231	2.1082	1.7299	
MS_21_924	1.6994	1.5991	1.1424	1.0926	1.5034	1.5556	1.5171	1.3072	
MS_24_921	1.6253	1.3500	1.2617	1.2873	1.6770	2.3358	1.5391	1.3956	
MS_26_928	1.4339	1.7150	1.0331	1.0941	1.4052	1.5861	1.2579	1.2151	
MS_28_925	1.9222	2.1775	1.9392	1.1946	1.7648	1.9982	1.4349	1.9615	
MS_30_932	1.0569	0.8524	0.8769	1.0611	1.1301	0.8754	0.9092	1.0585	
MS_32_929	1.5757	2.6089	1.5441	1.3486	1.2663	2.2377	1.6914	1.1778	
MS_34_940	0.7640	0.8253	0.7634	0.7027	0.7228	0.6949	0.8423	0.6947	
MS_36_933	1.5030	1.3807	1.2378	1.1016	1.2752	1.3418	1.4076	1.8741	
MS_39_937	1.5719	1.3792	1.2152	1.4064	1.0879	1.8276	1.2095	1.4098	
MS_3_901_	2.5128	2.5118	2.3357	1.6279	2.6658	2.5882	2.1687	1.7994	
MS_40_936	1.5598	1.9764	1.2296	0.8243	1.2149	1.5124	1.5951	0.8456	
MS_5_908_	2.5395	2.3532	1.9317	1.5279	1.4471	2.0033	2.4414	2.2500	
MS_8_905_	1.8086	1.7399	1.1222	0.9148	1.4795	2.0643	1.7281	0.9438	
MS_9_912_	1.9198	1.8952	1.4542	0.9652	2.1568	1.6997	2.0384	1.5563	
NA_10_915	1.8838	2.2527	2.1506	1.0840	1.6456	1.9926	1.6652	1.3180	
NA_10_915	1.4676	1.4408	1.8882	1.3792	2.3371	2.6595	1.9688	1.9644	
NA_12_910	1.3531	1.7010	0.9896	1.1759	1.2367	1.6908	1.1215	1.0327	
NA_12_910	2.4717	2.1797	2.1157	1.8501	2.0965	2.7666	1.8423	1.8931	
NA_14_914	1.9313	1.6302	1.5706	1.4559	1.8913	2.1626	1.8212	2.0206	
NA_14_914	2.1942	2.2533	1.8663	1.4808	1.5706	2.2136	1.7213	1.7967	
NA_15_911	1.6514	2.0901	1.0344	1.0206	1.4018	1.8415	0.9160	0.9547	
NA_15_911	1.7946	2.0398	1.7348	1.2803	2.0069	2.0771	1.9788	1.3301	
NA_18_923	2.9932	2.9173	3.1755	1.2588	2.9420	2.8946	2.9476	1.1137	
NA_18_923	1.6993	1.7069	1.6063	1.1594	1.8602	1.8126	1.9272	1.8091	
NA_20_918	3.0319	2.6198	2.1399	1.5832	1.5186	3.2601	3.1697	2.5972	
NA_20_918	2.8202	1.9681	1.5357	1.5583	2.3425	2.7038	1.9728	2.4134	
NA_22_922	2.2476	2.7397	2.2034	1.4205	1.7866	2.5768	2.2443	1.6091	
NA_22_922	2.8054	2.6148	1.9072	1.8448	2.2308	2.7748	2.8112	2.3823	
NA_23_919	2.6418	3.0146	2.9244	2.3349	2.8232	2.8512	2.5269	2.4422	
NA_23_919	1.9707	2.6389	1.3041	1.6926	1.7049	2.2547	2.5572	0.9646	
NA_25_931	2.9355	3.2928	2.9499	3.3934	2.8041	2.9943	3.0033	3.3493	
NA_25_931	1.6657	0.9871	1.3151	1.8990	2.1767	2.6471	2.5180	1.8699	
NA_27_926	1.2755	1.2858	1.2047	1.2801	1.6413	2.2098	1.8634	1.6808	
NA_27_926	2.0405	2.0453	1.7493	1.4481	1.8865	2.3921	1.6974	1.6146	
NA_29_930	2.4994	2.2262	1.8406	1.4218	1.6718	2.1349	2.0686	1.7508	
NA_29_930	1.3738	1.6554	1.6563	1.6891	1.6569	1.9762	1.7026	1.6351	
NA_2_907_	1.7889	1.7014	1.2705	1.0042	1.4193	1.6041	1.4718	1.2774	
NA_2_907_	1.2752	1.9941	1.8137	1.0950	1.5671	1.7920	1.6735	1.6488	
NA_31_927	2.0916	1.9937	2.0482	1.9609	2.6597	2.9847	2.7444	2.8582	
NA_31_927	1.5303	1.9024	1.6999	1.4672	1.2982	1.6786	2.2118	1.5619	
NA_33_939	1.1500	2.5463	1.9281	1.4683	1.3004	1.9863	1.9138	1.3137	
NA_33_939	1.3787	1.3897	1.4459	1.4192	1.5041	1.6863	1.5576	1.9581	
NA_35_935	2.1790	1.8541	2.1641	2.1889	2.2601	2.0413	1.9520	2.2474	
NA_35_935	2.1347	3.3905	2.1037	1.7521	1.9668	2.6146	2.3911	1.8748	
NA_37_934	1.8141	2.4475	1.2182	1.1289	1.9727	2.3476	1.3736	0.8692	
NA_37_934	1.9833	2.5607	2.1673	1.3616	1.9668	2.1681	2.5286	2.1233	
NA_38_938	1.8271	1.8214	1.3121	1.0302	2.7657	3.0413	2.0591	2.7993	
NA_38_938	1.4764	2.1152	1.2982	1.0989	1.0661	2.0107	1.9088	1.1979	
NA_4_902_	1.4827	1.3126	1.0674	1.1955	1.4109	1.7139	1.9272	1.9042	
NA_4_902_	3.2906	2.8288	3.1092	2.7857	2.9395	3.6684	2.7864	2.9337	
NA_6_906_	2.0967	2.1556	1.7167	1.0071	1.5675	2.3851	1.9444	1.1835	
NA_6_906_	1.7811	2.0539	1.8872	1.5745	1.8207	2.0430	1.7514	1.5257	
NA_7_903_	2.1121	1.5609	1.7284	1.3388	2.3873	2.2365	1.7425	1.3707	
NA_7_903_	1.7905	2.0729	1.2266	1.2629	1.9332	1.5075	1.4044	1.3359	
