Date 	 Name 	 ID 	 gender 	 Trial 	 RUN 	 Decision 	 OfferType 	 Condition 	 onstrial 	 ronsfix 	 ronsdec 	 ronsdec2 	 onsjitter 	 RT 	 GameOn 	 
28-Dec-2017	sub239	937	  1	  1	  1	 2.00	  6	  3	 0.000	 0.016	 0.496	 3.265	 6.498	 2.763	5964.540	
28-Dec-2017	sub239	937	  1	  2	  1	 0.00	  6	  1	10.465	10.460	10.958	12.964	16.959	 1.990	5964.540	
28-Dec-2017	sub239	937	  1	  3	  1	 4.00	  9	  2	18.462	18.468	18.965	20.905	24.967	 1.934	5964.540	
28-Dec-2017	sub239	937	  1	  4	  1	 6.00	 12	  4	30.796	30.802	31.300	33.107	37.301	 1.799	5964.540	
28-Dec-2017	sub239	937	  1	  5	  1	 0.00	  7	  1	43.034	43.037	43.535	45.159	49.536	 1.619	5964.540	
28-Dec-2017	sub239	937	  1	  6	  1	 2.00	  9	  4	51.611	51.609	52.106	53.581	58.107	 1.464	5964.540	
28-Dec-2017	sub239	937	  1	  7	  1	 4.00	 12	  2	64.051	64.059	64.557	66.712	70.558	 2.141	5964.540	
28-Dec-2017	sub239	937	  1	  8	  1	 4.00	 12	  4	74.566	74.570	75.067	76.195	81.069	 1.118	5964.540	
28-Dec-2017	sub239	937	  1	  9	  1	 2.00	  7	  3	84.269	84.269	84.766	86.424	90.767	 1.644	5964.540	
28-Dec-2017	sub239	937	  1	 10	  1	 2.00	  9	  4	92.684	92.691	93.188	94.896	99.189	 1.700	5964.540	
28-Dec-2017	sub239	937	  1	 11	  1	 4.00	 12	  4	101.482	101.477	101.958	103.401	107.976	 1.426	5964.540	
28-Dec-2017	sub239	937	  1	 12	  1	 2.00	  9	  2	112.619	112.618	113.116	114.857	119.117	 1.732	5964.540	
28-Dec-2017	sub239	937	  1	 13	  1	 0.00	  7	  1	120.698	120.692	121.206	122.416	127.191	 1.194	5964.540	
28-Dec-2017	sub239	937	  1	 14	  1	 4.00	 12	  4	130.751	130.756	131.253	132.546	137.254	 1.291	5964.540	
28-Dec-2017	sub239	937	  1	 15	  1	 4.00	 12	  2	141.733	141.731	142.228	143.621	148.229	 1.387	5964.540	
28-Dec-2017	sub239	937	  1	 16	  1	 0.00	  7	  3	153.757	153.750	154.264	155.425	160.266	 1.150	5964.540	
28-Dec-2017	sub239	937	  1	 17	  1	 0.00	  6	  1	162.020	162.023	162.520	163.631	168.522	 1.102	5964.540	
28-Dec-2017	sub239	937	  1	 18	  1	 4.00	  9	  4	171.409	171.406	171.904	174.954	177.905	 3.038	5964.540	
28-Dec-2017	sub239	937	  1	 19	  1	 0.00	  6	  1	179.441	179.447	179.944	181.221	185.946	 1.269	5964.540	
28-Dec-2017	sub239	937	  1	 20	  1	 0.00	  6	  3	190.021	190.024	190.522	191.666	196.523	 1.140	5964.540	
28-Dec-2017	sub239	937	  1	 21	  1	 6.00	 12	  2	200.889	200.883	201.397	202.856	207.382	 1.448	5964.540	
28-Dec-2017	sub239	937	  1	 22	  1	 6.00	 12	  4	210.809	210.814	211.311	212.057	217.313	 0.734	5964.540	
28-Dec-2017	sub239	937	  1	 23	  1	 0.00	  7	  1	222.904	222.900	223.397	224.790	229.399	 1.384	5964.540	
28-Dec-2017	sub239	937	  1	 24	  1	 2.00	  9	  2	232.261	232.267	232.764	234.306	238.766	 1.528	5964.540	
28-Dec-2017	sub239	937	  1	 25	  1	 4.00	  9	  4	244.432	244.436	244.933	246.607	250.934	 1.671	5964.540	
28-Dec-2017	sub239	937	  1	 26	  1	 2.00	  7	  3	255.540	255.543	256.041	258.014	262.042	 1.955	5964.540	
28-Dec-2017	sub239	937	  1	 27	  1	 0.00	  7	  1	268.923	268.922	269.420	270.597	275.421	 1.160	5964.540	
28-Dec-2017	sub239	937	  1	 28	  1	 0.00	  6	  3	281.337	281.340	281.837	282.948	287.839	 1.102	5964.540	
28-Dec-2017	sub239	937	  1	 29	  1	 4.00	  9	  4	289.370	289.364	289.878	291.386	295.863	 1.501	5964.540	
28-Dec-2017	sub239	937	  1	 30	  1	 2.00	  9	  2	301.985	301.980	302.478	304.218	308.479	 1.733	5964.540	
28-Dec-2017	sub239	937	  1	 31	  1	 6.00	 12	  2	310.457	310.452	310.966	312.309	316.951	 1.332	5964.540	
28-Dec-2017	sub239	937	  1	 32	  1	 6.00	 12	  4	320.958	320.963	321.460	322.405	327.462	 0.934	5964.540	
28-Dec-2017	sub239	937	  1	 33	  1	 4.00	  9	  4	328.913	328.921	329.418	330.894	335.419	 1.464	5964.540	
28-Dec-2017	sub239	937	  1	 34	  1	 2.00	  9	  4	338.109	338.105	338.603	339.697	344.604	 1.079	5964.540	
28-Dec-2017	sub239	937	  1	 35	  1	 2.00	  7	  1	350.009	350.009	350.506	352.346	356.508	 1.839	5964.540	
28-Dec-2017	sub239	937	  1	 36	  1	 2.00	  7	  3	358.613	358.613	359.110	360.337	365.112	 1.210	5964.540	
28-Dec-2017	sub239	937	  1	 37	  1	 4.00	  9	  2	367.529	367.532	368.030	369.257	374.031	 1.218	5964.540	
28-Dec-2017	sub239	937	  1	 38	  1	 0.00	  6	  3	380.053	380.049	380.547	381.856	386.548	 1.301	5964.540	
28-Dec-2017	sub239	937	  1	 39	  1	 2.00	  9	  2	390.470	390.477	390.975	392.351	396.976	 1.361	5964.540	
28-Dec-2017	sub239	937	  1	 40	  1	 0.00	  6	  1	403.340	403.342	403.840	404.801	409.841	 0.951	5964.540	
28-Dec-2017	sub239	937	  1	 41	  1	 0.00	  7	  1	415.499	415.495	415.992	417.782	421.993	 1.775	5964.540	
28-Dec-2017	sub239	937	  1	 42	  1	 2.00	  7	  3	427.237	427.232	427.730	429.255	433.731	 1.517	5964.540	
28-Dec-2017	sub239	937	  1	 43	  1	 0.00	  6	  1	440.073	440.081	440.578	441.523	446.580	 0.939	5964.540	
28-Dec-2017	sub239	937	  1	 44	  1	 2.00	  7	  3	449.546	449.547	450.045	451.288	456.046	 1.226	5964.540	
28-Dec-2017	sub239	937	  1	 45	  1	 6.00	 12	  4	461.119	461.119	461.617	462.561	467.618	 0.933	5964.540	
28-Dec-2017	sub239	937	  1	 46	  1	 0.00	  6	  1	469.101	469.094	469.607	470.569	475.609	 0.950	5964.540	
28-Dec-2017	sub239	937	  1	 47	  1	 0.00	  6	  3	476.966	476.968	477.466	478.344	483.467	 0.867	5964.540	
28-Dec-2017	sub239	937	  1	 48	  1	 2.00	  9	  4	488.370	488.375	488.872	493.216	494.873	 4.332	5964.540	
28-Dec-2017	sub239	937	  1	 49	  1	 6.00	 12	  2	498.204	498.206	498.703	499.714	504.705	 0.997	5964.540	
28-Dec-2017	sub239	937	  1	 50	  1	 2.00	  9	  2	505.932	505.931	506.429	508.120	512.430	 1.679	5964.540	
28-Dec-2017	sub239	937	  1	 51	  1	 0.00	  6	  1	515.775	515.779	516.276	518.349	522.278	 2.063	5964.540	
28-Dec-2017	sub239	937	  1	 52	  1	 0.00	  7	  1	526.535	526.539	527.036	528.163	533.038	 1.120	5964.540	
28-Dec-2017	sub239	937	  1	 53	  1	 0.00	  6	  1	538.488	538.492	538.989	539.802	544.991	 0.806	5964.540	
28-Dec-2017	sub239	937	  1	 54	  1	 6.00	 12	  2	549.643	549.649	550.147	551.258	556.148	 1.096	5964.540	
28-Dec-2017	sub239	937	  1	 55	  1	 6.00	 12	  4	557.417	557.425	557.922	558.900	563.924	 0.968	5964.540	
28-Dec-2017	sub239	937	  1	 56	  1	 0.00	  6	  3	568.961	568.964	569.461	571.301	575.462	 1.837	5964.540	
28-Dec-2017	sub239	937	  1	 57	  1	 2.00	  7	  3	582.361	582.359	582.857	583.868	588.858	 0.994	5964.540	
28-Dec-2017	sub239	937	  1	 58	  1	 2.00	  9	  2	591.740	591.743	592.240	593.218	598.242	 0.969	5964.540	
28-Dec-2017	sub239	937	  1	 59	  1	 0.00	  6	  1	604.306	604.309	604.807	605.636	610.808	 0.819	5964.540	
28-Dec-2017	sub239	937	  1	 60	  1	 6.00	 12	  2	617.814	617.821	618.318	619.147	624.320	 0.827	5964.540	
28-Dec-2017	sub239	937	  1	 61	  1	 2.00	  7	  3	631.259	631.266	631.764	632.924	637.765	 1.149	5964.540	
28-Dec-2017	sub239	937	  1	 62	  1	 2.00	  9	  4	643.052	643.054	643.551	644.546	649.553	 0.984	5964.540	
28-Dec-2017	sub239	937	  1	 63	  1	 2.00	  7	  1	651.950	651.957	652.454	653.515	658.455	 1.058	5964.540	
28-Dec-2017	sub239	937	  1	 64	  1	 6.00	 12	  2	663.024	663.031	663.528	664.324	669.530	 0.791	5964.540	
28-Dec-2017	sub239	937	  1	 65	  1	 0.00	  6	  3	670.910	670.906	671.403	672.332	677.405	 0.916	5964.540	
28-Dec-2017	sub239	937	  1	 66	  1	 2.00	  7	  3	683.232	683.241	683.738	685.479	689.739	 1.725	5964.540	
28-Dec-2017	sub239	937	  1	 67	  1	 2.00	  9	  2	692.823	692.823	693.320	693.785	699.322	 0.454	5964.540	
28-Dec-2017	sub239	937	  1	 68	  1	 0.00	  6	  3	705.684	705.688	706.185	707.263	712.187	 1.076	5964.540	
28-Dec-2017	sub239	937	  1	 69	  1	 6.00	 12	  2	718.492	718.487	719.001	720.957	724.986	 1.949	5964.540	
28-Dec-2017	sub239	937	  1	 70	  1	 0.00	  6	  3	727.351	727.356	727.854	728.650	733.855	 0.784	5964.540	
28-Dec-2017	sub239	937	  1	 71	  1	 2.00	 12	  4	737.279	737.287	737.784	738.796	743.786	 0.998	5964.540	
28-Dec-2017	sub239	937	  1	 72	  1	 0.00	  7	  1	748.130	748.130	748.627	749.638	754.628	 1.002	5964.540	
28-Dec-2017	sub239	937	  1	  1	  2	 2.00	  9	  2	 0.000	 0.001	 0.499	 1.593	 6.500	 1.085	6760.528	
28-Dec-2017	sub239	937	  1	  2	  2	 2.00	  7	  3	 8.270	 8.274	 8.772	10.562	14.773	 1.788	6760.528	
28-Dec-2017	sub239	937	  1	  3	  2	 0.00	  6	  1	20.015	20.012	20.509	21.885	26.511	 1.369	6760.528	
28-Dec-2017	sub239	937	  1	  4	  2	 6.00	 12	  2	32.169	32.164	32.678	35.447	38.663	 2.753	6760.528	
28-Dec-2017	sub239	937	  1	  5	  2	 2.00	  7	  1	44.110	44.117	44.615	46.273	50.616	 1.647	6760.528	
28-Dec-2017	sub239	937	  1	  6	  2	 0.00	  6	  1	55.939	55.938	56.435	57.347	62.437	 0.898	6760.528	
28-Dec-2017	sub239	937	  1	  7	  2	 0.00	  6	  3	69.027	69.035	69.532	73.163	75.534	 3.625	6760.528	
28-Dec-2017	sub239	937	  1	  8	  2	 6.00	 12	  2	78.047	78.054	78.551	83.923	84.553	 5.358	6760.528	
28-Dec-2017	sub239	937	  1	  9	  2	 0.00	  7	  3	86.913	86.907	87.421	88.349	93.406	 0.912	6760.528	
28-Dec-2017	sub239	937	  1	 10	  2	 4.00	  9	  4	95.596	95.594	96.092	97.351	102.093	 1.249	6760.528	
28-Dec-2017	sub239	937	  1	 11	  2	 4.00	  9	  4	104.158	104.165	104.663	105.591	110.664	 0.918	6760.528	
28-Dec-2017	sub239	937	  1	 12	  2	 4.00	  9	  2	113.265	113.267	113.764	115.555	119.766	 1.784	6760.528	
28-Dec-2017	sub239	937	  1	 13	  2	 0.00	  6	  3	123.707	123.712	124.209	125.088	130.210	 0.867	6760.528	
28-Dec-2017	sub239	937	  1	 14	  2	 0.00	 12	  4	135.732	135.731	136.229	 0.000	142.230	 0.000	6760.528	
28-Dec-2017	sub239	937	  1	 15	  2	 2.00	  7	  3	147.519	147.519	148.016	149.624	154.017	 1.595	6760.528	
28-Dec-2017	sub239	937	  1	 16	  2	 2.00	  7	  3	156.844	156.852	157.350	158.146	163.351	 0.789	6760.528	
28-Dec-2017	sub239	937	  1	 17	  2	 6.00	 12	  4	166.587	166.584	167.081	167.861	173.083	 0.777	6760.528	
28-Dec-2017	sub239	937	  1	 18	  2	 0.00	  7	  1	177.194	177.194	177.692	178.720	183.693	 1.023	6760.528	
28-Dec-2017	sub239	937	  1	 19	  2	 0.00	  6	  3	186.832	186.827	187.341	188.319	193.326	 0.974	6760.528	
28-Dec-2017	sub239	937	  1	 20	  2	 6.00	 12	  2	194.992	195.000	195.497	196.459	201.499	 0.960	6760.528	
28-Dec-2017	sub239	937	  1	 21	  2	 4.00	  9	  4	207.331	207.335	207.832	209.772	213.834	 1.937	6760.528	
28-Dec-2017	sub239	937	  1	 22	  2	 6.00	 12	  2	219.535	219.536	220.034	221.261	226.035	 1.223	6760.528	
28-Dec-2017	sub239	937	  1	 23	  2	 6.00	 12	  4	230.726	230.727	231.224	233.214	237.226	 1.984	6760.528	
28-Dec-2017	sub239	937	  1	 24	  2	 2.00	  9	  2	239.293	239.298	239.796	240.824	245.797	 1.021	6760.528	
28-Dec-2017	sub239	937	  1	 25	  2	 6.00	 12	  2	250.510	250.505	251.003	252.064	257.004	 1.053	6760.528	
28-Dec-2017	sub239	937	  1	 26	  2	 0.00	  6	  1	259.919	259.922	260.420	261.845	266.421	 1.412	6760.528	
28-Dec-2017	sub239	937	  1	 27	  2	 6.00	 12	  4	268.279	268.278	268.775	269.820	274.778	 1.032	6760.528	
28-Dec-2017	sub239	937	  1	 28	  2	 6.00	 12	  2	279.436	279.435	279.933	282.071	285.934	 2.131	6760.528	
28-Dec-2017	sub239	937	  1	 29	  2	 0.00	  6	  3	288.890	288.885	289.383	294.588	295.384	 5.192	6760.528	
28-Dec-2017	sub239	937	  1	 30	  2	 0.00	  6	  1	299.075	299.081	299.578	301.286	305.580	 1.701	6760.528	
28-Dec-2017	sub239	937	  1	 31	  2	 0.00	  6	  3	307.251	307.254	307.752	308.382	313.753	 0.615	6760.528	
28-Dec-2017	sub239	937	  1	 32	  2	 2.00	  9	  4	319.181	319.174	319.688	320.783	325.690	 1.087	6760.528	
28-Dec-2017	sub239	937	  1	 33	  2	 2.00	  7	  1	330.624	330.630	331.128	334.079	337.129	 2.949	6760.528	
28-Dec-2017	sub239	937	  1	 34	  2	 2.00	  9	  4	343.650	343.645	344.159	346.148	350.143	 1.974	6760.528	
28-Dec-2017	sub239	937	  1	 35	  2	 2.00	  9	  2	354.025	354.023	354.520	355.316	360.522	 0.780	6760.528	
28-Dec-2017	sub239	937	  1	 36	  2	 6.00	 12	  4	362.165	362.163	362.660	363.440	368.662	 0.769	6760.528	
28-Dec-2017	sub239	937	  1	 37	  2	 0.00	  7	  3	375.072	375.078	375.575	 0.000	381.593	 0.000	6760.528	
28-Dec-2017	sub239	937	  1	 38	  2	 2.00	  9	  4	387.300	387.296	387.794	391.093	393.795	 3.282	6760.528	
28-Dec-2017	sub239	937	  1	 39	  2	 0.00	  6	  3	396.505	396.514	397.011	397.807	403.013	 0.792	6760.528	
28-Dec-2017	sub239	937	  1	 40	  2	 2.00	  7	  3	408.021	408.020	408.517	409.445	414.519	 0.926	6760.528	
28-Dec-2017	sub239	937	  1	 41	  2	 0.00	  6	  1	417.538	417.536	418.033	419.326	424.035	 1.282	6760.528	
28-Dec-2017	sub239	937	  1	 42	  2	 6.00	 12	  2	429.592	429.589	430.086	430.766	436.087	 0.677	6760.528	
28-Dec-2017	sub239	937	  1	 43	  2	 2.00	  7	  1	439.608	439.602	440.116	442.520	446.101	 2.398	6760.528	
28-Dec-2017	sub239	937	  1	 44	  2	 2.00	 12	  4	449.005	449.002	449.500	452.633	455.501	 3.126	6760.528	
28-Dec-2017	sub239	937	  1	 45	  2	 4.00	  9	  4	458.399	458.402	458.900	459.911	464.901	 1.006	6760.528	
28-Dec-2017	sub239	937	  1	 46	  2	 2.00	  7	  1	470.719	470.720	471.218	472.063	477.219	 0.839	6760.528	
28-Dec-2017	sub239	937	  1	 47	  2	 2.00	  9	  2	481.434	481.430	481.927	484.365	487.929	 2.426	6760.528	
28-Dec-2017	sub239	937	  1	 48	  2	 2.00	  9	  2	489.505	489.504	490.001	493.284	496.003	 3.279	6760.528	
28-Dec-2017	sub239	937	  1	 49	  2	 0.00	 12	  4	501.712	501.706	502.220	 0.000	508.238	 0.000	6760.528	
28-Dec-2017	sub239	937	  1	 50	  2	 0.00	  6	  1	514.923	514.919	515.416	516.212	521.418	 0.784	6760.528	
28-Dec-2017	sub239	937	  1	 51	  2	 0.00	  6	  1	522.475	522.479	522.976	523.706	528.978	 0.712	6760.528	
28-Dec-2017	sub239	937	  1	 52	  2	 0.00	  9	  2	534.335	534.333	534.830	 0.000	540.831	 0.000	6760.528	
28-Dec-2017	sub239	937	  1	 53	  2	 0.00	  7	  1	543.643	543.650	544.147	 0.000	550.149	 0.000	6760.528	
28-Dec-2017	sub239	937	  1	 54	  2	 0.00	  6	  3	554.447	554.443	554.940	 0.000	560.942	 0.000	6760.528	
28-Dec-2017	sub239	937	  1	 55	  2	 6.00	 12	  2	562.761	562.765	563.263	564.655	569.264	 1.376	6760.528	
28-Dec-2017	sub239	937	  1	 56	  2	 0.00	  6	  1	571.889	571.883	572.397	573.210	578.382	 0.801	6760.528	
28-Dec-2017	sub239	937	  1	 57	  2	 6.00	 12	  4	584.365	584.367	584.865	585.727	590.866	 0.845	6760.528	
28-Dec-2017	sub239	937	  1	 58	  2	 4.00	  9	  4	594.521	594.530	595.027	597.514	601.029	 2.482	6760.528	
28-Dec-2017	sub239	937	  1	 59	  2	 0.00	  7	  1	602.020	602.024	602.521	 0.000	608.522	 0.000	6760.528	
28-Dec-2017	sub239	937	  1	 60	  2	 2.00	  7	  3	609.962	609.965	610.462	611.424	616.464	 0.959	6760.528	
28-Dec-2017	sub239	937	  1	 61	  2	 6.00	 12	  4	622.707	622.714	623.211	624.073	629.213	 0.848	6760.528	
28-Dec-2017	sub239	937	  1	 62	  2	 0.00	  6	  3	635.109	635.115	635.612	636.375	641.613	 0.752	6760.528	
28-Dec-2017	sub239	937	  1	 63	  2	 0.00	  6	  1	646.000	646.007	646.504	651.975	652.506	 5.467	6760.528	
28-Dec-2017	sub239	937	  1	 64	  2	 2.00	  9	  2	655.456	655.457	655.954	656.998	661.956	 1.034	6760.528	
28-Dec-2017	sub239	937	  1	 65	  2	 2.00	  7	  3	667.404	667.410	667.907	669.267	673.909	 1.343	6760.528	
28-Dec-2017	sub239	937	  1	 66	  2	 2.00	  9	  4	679.119	679.114	679.612	681.353	685.613	 1.728	6760.528	
28-Dec-2017	sub239	937	  1	 67	  2	 2.00	  9	  2	688.211	688.216	688.714	689.526	694.715	 0.809	6760.528	
28-Dec-2017	sub239	937	  1	 68	  2	 0.00	  6	  3	700.904	700.899	701.413	702.192	707.398	 0.774	6760.528	
28-Dec-2017	sub239	937	  1	 69	  2	 6.00	 12	  2	714.281	714.278	714.775	715.588	720.777	 0.795	6760.528	
28-Dec-2017	sub239	937	  1	 70	  2	 0.00	  7	  1	723.893	723.894	724.391	725.270	730.392	 0.867	6760.528	
28-Dec-2017	sub239	937	  1	 71	  2	 0.00	  7	  1	735.470	735.465	735.963	 0.000	741.964	 0.000	6760.528	
28-Dec-2017	sub239	937	  1	 72	  2	 2.00	  7	  3	743.418	743.423	743.921	744.816	749.922	 0.889	6760.528	
