Date 	 Name 	 ID 	 gender 	 Trial 	 RUN 	 Decision 	 OfferType 	 Condition 	 onstrial 	 ronsfix 	 ronsdec 	 ronsdec2 	 onsjitter 	 RT 	 GameOn 	 
23-Nov-2017	sub237	934	  1	  1	  1	 2.00	  9	  2	 0.000	 0.018	 0.499	 5.970	 6.501	 5.464	27440.781	
23-Nov-2017	sub237	934	  1	  2	  1	 4.00	  7	  3	 8.270	 8.274	 8.772	14.110	14.773	 5.328	27440.781	
23-Nov-2017	sub237	934	  1	  3	  1	 0.00	  6	  1	20.015	20.012	20.509	22.101	26.511	 1.590	27440.781	
23-Nov-2017	sub237	934	  1	  4	  1	 6.00	 12	  2	32.169	32.164	32.645	36.342	38.663	 3.678	27440.781	
23-Nov-2017	sub237	934	  1	  5	  1	 2.00	  7	  1	44.110	44.118	44.615	48.064	50.617	 3.443	27440.781	
23-Nov-2017	sub237	934	  1	  6	  1	 0.00	  6	  1	55.939	55.938	56.436	57.779	62.437	 1.334	27440.781	
23-Nov-2017	sub237	934	  1	  7	  1	 0.00	  6	  3	69.027	69.036	69.533	71.754	75.534	 2.205	27440.781	
23-Nov-2017	sub237	934	  1	  8	  1	 6.00	 12	  2	78.047	78.054	78.552	81.453	84.553	 2.890	27440.781	
23-Nov-2017	sub237	934	  1	  9	  1	 4.00	  7	  3	86.913	86.907	87.421	89.328	93.406	 1.892	27440.781	
23-Nov-2017	sub237	934	  1	 10	  1	 6.00	  9	  4	95.596	95.595	96.092	97.766	102.093	 1.669	27440.781	
23-Nov-2017	sub237	934	  1	 11	  1	 6.00	  9	  4	104.158	104.166	104.663	106.918	110.665	 2.241	27440.781	
23-Nov-2017	sub237	934	  1	 12	  1	 2.00	  9	  2	113.265	113.268	113.765	116.550	119.766	 2.772	27440.781	
23-Nov-2017	sub237	934	  1	 13	  1	 0.00	  6	  3	123.707	123.712	124.209	128.437	130.211	 4.223	27440.781	
23-Nov-2017	sub237	934	  1	 14	  1	 6.00	 12	  4	135.732	135.732	136.229	139.064	142.231	 2.827	27440.781	
23-Nov-2017	sub237	934	  1	 15	  1	 4.00	  7	  3	147.519	147.519	148.016	151.946	154.018	 3.919	27440.781	
23-Nov-2017	sub237	934	  1	 16	  1	 4.00	  7	  3	156.844	156.853	157.350	160.086	163.352	 2.721	27440.781	
23-Nov-2017	sub237	934	  1	 17	  1	 6.00	 12	  4	166.587	166.585	167.082	168.160	173.083	 1.060	27440.781	
23-Nov-2017	sub237	934	  1	 18	  1	 2.00	  7	  1	177.194	177.195	177.692	181.273	183.694	 3.570	27440.781	
23-Nov-2017	sub237	934	  1	 19	  1	 0.00	  6	  3	186.832	186.827	187.324	189.463	193.326	 2.121	27440.781	
23-Nov-2017	sub237	934	  1	 20	  1	 6.00	 12	  2	194.992	195.001	195.498	199.228	201.499	 3.716	27440.781	
23-Nov-2017	sub237	934	  1	 21	  1	 6.00	  9	  4	207.331	207.335	207.832	212.309	213.834	 4.461	27440.781	
23-Nov-2017	sub237	934	  1	 22	  1	 6.00	 12	  2	219.535	219.537	220.034	222.538	226.036	 2.491	27440.781	
23-Nov-2017	sub237	934	  1	 23	  1	 6.00	 12	  4	230.726	230.728	231.225	233.347	237.226	 2.108	27440.781	
23-Nov-2017	sub237	934	  1	 24	  1	 0.00	  9	  2	239.293	239.299	239.796	 0.000	245.798	 0.000	27440.781	
23-Nov-2017	sub237	934	  1	 25	  1	 6.00	 12	  2	250.510	250.506	251.003	252.529	257.005	 1.512	27440.781	
23-Nov-2017	sub237	934	  1	 26	  1	 0.00	  6	  1	259.919	259.923	260.420	261.912	266.422	 1.488	27440.781	
23-Nov-2017	sub237	934	  1	 27	  1	 6.00	 12	  4	268.279	268.278	268.776	270.765	274.777	 1.972	27440.781	
23-Nov-2017	sub237	934	  1	 28	  1	 6.00	 12	  2	279.436	279.436	279.933	282.138	285.935	 2.190	27440.781	
23-Nov-2017	sub237	934	  1	 29	  1	 0.00	  6	  3	288.890	288.886	289.383	291.223	295.384	 1.828	27440.781	
23-Nov-2017	sub237	934	  1	 30	  1	 0.00	  6	  1	299.075	299.082	299.579	300.988	305.580	 1.391	27440.781	
23-Nov-2017	sub237	934	  1	 31	  1	 0.00	  6	  3	307.251	307.255	307.752	309.874	313.754	 2.106	27440.781	
23-Nov-2017	sub237	934	  1	 32	  1	 6.00	  9	  4	319.181	319.175	319.689	321.728	325.674	 2.033	27440.781	
23-Nov-2017	sub237	934	  1	 33	  1	 2.00	  7	  1	330.624	330.631	331.128	333.963	337.130	 2.818	27440.781	
23-Nov-2017	sub237	934	  1	 34	  1	 6.00	  9	  4	343.650	343.645	344.159	345.635	350.144	 1.466	27440.781	
23-Nov-2017	sub237	934	  1	 35	  1	 0.00	  9	  2	354.025	354.023	354.521	 0.000	360.522	 0.000	27440.781	
23-Nov-2017	sub237	934	  1	 36	  1	 6.00	 12	  4	362.165	362.163	362.661	364.020	368.662	 1.356	27440.781	
23-Nov-2017	sub237	934	  1	 37	  1	 4.00	  7	  3	375.072	375.078	375.576	379.986	381.577	 4.401	27440.781	
23-Nov-2017	sub237	934	  1	 38	  1	 6.00	  9	  4	387.300	387.297	387.794	388.921	393.796	 1.125	27440.781	
23-Nov-2017	sub237	934	  1	 39	  1	 0.00	  6	  3	396.505	396.498	397.012	398.504	403.013	 1.483	27440.781	
23-Nov-2017	sub237	934	  1	 40	  1	 4.00	  7	  3	408.021	408.020	408.518	410.474	414.519	 1.954	27440.781	
23-Nov-2017	sub237	934	  1	 41	  1	 0.00	  6	  1	417.538	417.536	418.034	418.995	424.035	 0.957	27440.781	
23-Nov-2017	sub237	934	  1	 42	  1	 6.00	 12	  2	429.592	429.589	430.086	432.391	436.088	 2.296	27440.781	
23-Nov-2017	sub237	934	  1	 43	  1	 2.00	  7	  1	439.608	439.603	440.117	444.659	446.101	 4.538	27440.781	
23-Nov-2017	sub237	934	  1	 44	  1	 6.00	 12	  4	449.005	449.003	449.500	454.988	455.502	 5.482	27440.781	
23-Nov-2017	sub237	934	  1	 45	  1	 6.00	  9	  4	458.399	458.403	458.900	460.757	464.902	 1.842	27440.781	
23-Nov-2017	sub237	934	  1	 46	  1	 2.00	  7	  1	470.719	470.721	471.218	473.208	477.220	 1.980	27440.781	
23-Nov-2017	sub237	934	  1	 47	  1	 2.00	  9	  2	481.434	481.431	481.928	485.061	487.929	 3.117	27440.781	
23-Nov-2017	sub237	934	  1	 48	  1	 4.00	  9	  2	489.505	489.504	490.002	493.434	496.003	 3.427	27440.781	
23-Nov-2017	sub237	934	  1	 49	  1	 6.00	 12	  4	501.712	501.706	502.220	503.232	508.205	 1.008	27440.781	
23-Nov-2017	sub237	934	  1	 50	  1	 0.00	  6	  1	514.923	514.920	515.417	516.693	521.418	 1.267	27440.781	
23-Nov-2017	sub237	934	  1	 51	  1	 0.00	  6	  1	522.475	522.479	522.977	523.938	528.978	 0.956	27440.781	
23-Nov-2017	sub237	934	  1	 52	  1	 4.00	  9	  2	534.335	534.333	534.831	538.378	540.832	 3.541	27440.781	
23-Nov-2017	sub237	934	  1	 53	  1	 2.00	  7	  1	543.643	543.650	544.148	545.971	550.149	 1.808	27440.781	
23-Nov-2017	sub237	934	  1	 54	  1	 0.00	  6	  3	554.447	554.443	554.941	557.046	560.942	 2.094	27440.781	
23-Nov-2017	sub237	934	  1	 55	  1	 6.00	 12	  2	562.761	562.766	563.263	565.335	569.265	 2.067	27440.781	
23-Nov-2017	sub237	934	  1	 56	  1	 0.00	  6	  1	571.889	571.884	572.398	573.923	578.383	 1.508	27440.781	
23-Nov-2017	sub237	934	  1	 57	  1	 6.00	 12	  4	584.365	584.368	584.865	585.992	590.867	 1.121	27440.781	
23-Nov-2017	sub237	934	  1	 58	  1	 6.00	  9	  4	594.521	594.514	595.028	596.769	601.029	 1.734	27440.781	
23-Nov-2017	sub237	934	  1	 59	  1	 2.00	  7	  1	602.020	602.024	602.521	604.627	608.523	 2.096	27440.781	
23-Nov-2017	sub237	934	  1	 60	  1	 4.00	  7	  3	609.962	609.965	610.463	612.601	616.464	 2.123	27440.781	
23-Nov-2017	sub237	934	  1	 61	  1	 6.00	 12	  4	622.707	622.714	623.212	624.223	629.213	 0.997	27440.781	
23-Nov-2017	sub237	934	  1	 62	  1	 0.00	  6	  3	635.109	635.115	635.612	637.834	641.614	 2.204	27440.781	
23-Nov-2017	sub237	934	  1	 63	  1	 0.00	  6	  1	646.000	646.007	646.505	647.416	652.506	 0.896	27440.781	
23-Nov-2017	sub237	934	  1	 64	  1	 2.00	  9	  2	655.456	655.457	655.955	659.486	661.956	 3.525	27440.781	
23-Nov-2017	sub237	934	  1	 65	  1	 4.00	  7	  3	667.404	667.410	667.908	669.466	673.909	 1.548	27440.781	
23-Nov-2017	sub237	934	  1	 66	  1	 4.00	  9	  4	679.119	679.115	679.612	681.751	685.614	 2.131	27440.781	
23-Nov-2017	sub237	934	  1	 67	  1	 4.00	  9	  2	688.211	688.217	688.714	689.725	694.716	 0.997	27440.781	
23-Nov-2017	sub237	934	  1	 68	  1	 0.00	  6	  3	700.904	700.899	701.397	702.441	707.398	 1.034	27440.781	
23-Nov-2017	sub237	934	  1	 69	  1	 6.00	 12	  2	714.281	714.278	714.776	716.268	720.777	 1.486	27440.781	
23-Nov-2017	sub237	934	  1	 70	  1	 2.00	  7	  1	723.893	723.894	724.391	725.900	730.393	 1.502	27440.781	
23-Nov-2017	sub237	934	  1	 71	  1	 2.00	  7	  1	735.470	735.466	735.963	737.074	741.965	 1.098	27440.781	
23-Nov-2017	sub237	934	  1	 72	  1	 4.00	  7	  3	743.418	743.424	743.921	747.021	749.923	 3.084	27440.781	
23-Nov-2017	sub237	934	  1	  1	  2	 0.00	  6	  3	 0.000	 0.006	 0.504	 3.090	 6.505	 2.576	28238.673	
23-Nov-2017	sub237	934	  1	  2	  2	 0.00	  6	  1	10.465	10.467	10.965	12.424	16.966	 1.442	28238.673	
23-Nov-2017	sub237	934	  1	  3	  2	 4.00	  9	  2	18.462	18.458	18.956	21.724	24.957	 2.756	28238.673	
23-Nov-2017	sub237	934	  1	  4	  2	 6.00	 12	  4	30.796	30.793	31.290	34.473	37.292	 3.173	28238.673	
23-Nov-2017	sub237	934	  1	  5	  2	 2.00	  7	  1	43.034	43.028	43.542	45.697	49.527	 2.153	28238.673	
23-Nov-2017	sub237	934	  1	  6	  2	 4.00	  9	  4	51.611	51.616	52.113	54.401	58.115	 2.285	28238.673	
23-Nov-2017	sub237	934	  1	  7	  2	 6.00	 12	  2	64.051	64.050	64.547	65.691	70.549	 1.131	28238.673	
23-Nov-2017	sub237	934	  1	  8	  2	 6.00	 12	  4	74.566	74.561	75.075	76.732	81.059	 1.651	28238.673	
23-Nov-2017	sub237	934	  1	  9	  2	 4.00	  7	  3	84.269	84.276	84.773	86.713	90.775	 1.928	28238.673	
23-Nov-2017	sub237	934	  1	 10	  2	 6.00	  9	  4	92.684	92.681	93.178	95.234	99.180	 2.043	28238.673	
23-Nov-2017	sub237	934	  1	 11	  2	 6.00	 12	  4	101.482	101.484	101.982	103.358	107.983	 1.367	28238.673	
23-Nov-2017	sub237	934	  1	 12	  2	 2.00	  9	  2	112.619	112.625	113.123	116.123	119.124	 2.985	28238.673	
23-Nov-2017	sub237	934	  1	 13	  2	 2.00	  7	  1	120.698	120.699	121.196	123.385	127.198	 2.176	28238.673	
23-Nov-2017	sub237	934	  1	 14	  2	 6.00	 12	  4	130.751	130.746	131.260	132.619	137.245	 1.344	28238.673	
23-Nov-2017	sub237	934	  1	 15	  2	 6.00	 12	  2	141.733	141.737	142.235	143.760	148.236	 1.520	28238.673	
23-Nov-2017	sub237	934	  1	 16	  2	 4.00	  7	  3	153.757	153.757	154.254	156.691	160.256	 2.421	28238.673	
23-Nov-2017	sub237	934	  1	 17	  2	 0.00	  6	  1	162.020	162.013	162.527	163.837	168.529	 1.300	28238.673	
23-Nov-2017	sub237	934	  1	 18	  2	 4.00	  9	  4	171.409	171.413	171.911	173.320	177.912	 1.396	28238.673	
23-Nov-2017	sub237	934	  1	 19	  2	 0.00	  6	  1	179.441	179.437	179.935	180.929	185.936	 0.987	28238.673	
23-Nov-2017	sub237	934	  1	 20	  2	 0.00	  6	  3	190.021	190.015	190.529	191.656	196.530	 1.121	28238.673	
23-Nov-2017	sub237	934	  1	 21	  2	 6.00	 12	  2	200.889	200.890	201.388	202.996	207.389	 1.607	28238.673	
23-Nov-2017	sub237	934	  1	 22	  2	 6.00	 12	  4	210.809	210.804	211.302	213.905	217.303	 2.587	28238.673	
23-Nov-2017	sub237	934	  1	 23	  2	 2.00	  7	  1	222.904	222.907	223.404	225.228	229.406	 1.812	28238.673	
23-Nov-2017	sub237	934	  1	 24	  2	 4.00	  9	  2	232.261	232.257	232.755	235.904	238.756	 3.134	28238.673	
23-Nov-2017	sub237	934	  1	 25	  2	 6.00	  9	  4	244.432	244.426	244.940	246.979	250.925	 2.036	28238.673	
23-Nov-2017	sub237	934	  1	 26	  2	 4.00	  7	  3	255.540	255.534	256.048	258.617	262.049	 2.552	28238.673	
23-Nov-2017	sub237	934	  1	 27	  2	 2.00	  7	  1	268.923	268.929	269.427	271.283	275.428	 1.845	28238.673	
23-Nov-2017	sub237	934	  1	 28	  2	 0.00	  6	  3	281.337	281.330	281.844	283.784	287.846	 1.931	28238.673	
23-Nov-2017	sub237	934	  1	 29	  2	 4.00	  9	  4	289.370	289.372	289.868	292.272	295.870	 2.395	28238.673	
23-Nov-2017	sub237	934	  1	 30	  2	 4.00	  9	  2	301.985	301.987	302.484	306.497	308.486	 3.994	28238.673	
23-Nov-2017	sub237	934	  1	 31	  2	 6.00	 12	  2	310.457	310.459	310.956	312.166	316.958	 1.202	28238.673	
23-Nov-2017	sub237	934	  1	 32	  2	 6.00	 12	  4	320.958	320.953	321.451	323.324	327.452	 1.867	28238.673	
23-Nov-2017	sub237	934	  1	 33	  2	 6.00	  9	  4	328.913	328.911	329.408	332.873	335.410	 3.453	28238.673	
23-Nov-2017	sub237	934	  1	 34	  2	 6.00	  9	  4	338.109	338.112	338.609	341.826	344.611	 3.212	28238.673	
23-Nov-2017	sub237	934	  1	 35	  2	 2.00	  7	  1	350.009	350.016	350.513	352.171	356.514	 1.652	28238.673	
23-Nov-2017	sub237	934	  1	 36	  2	 4.00	  7	  3	358.613	358.620	359.117	360.908	365.119	 1.776	28238.673	
23-Nov-2017	sub237	934	  1	 37	  2	 4.00	  9	  2	367.529	367.523	368.037	371.419	374.021	 3.367	28238.673	
23-Nov-2017	sub237	934	  1	 38	  2	 0.00	  6	  3	380.053	380.056	380.554	383.090	386.555	 2.531	28238.673	
23-Nov-2017	sub237	934	  1	 39	  2	 4.00	  9	  2	390.470	390.468	390.965	392.673	396.966	 1.703	28238.673	
23-Nov-2017	sub237	934	  1	 40	  2	 0.00	  6	  1	403.340	403.333	403.847	405.488	409.848	 1.629	28238.673	
23-Nov-2017	sub237	934	  1	 41	  2	 2.00	  7	  1	415.499	415.501	415.999	417.640	422.000	 1.636	28238.673	
23-Nov-2017	sub237	934	  1	 42	  2	 4.00	  7	  3	427.237	427.239	427.737	429.693	433.738	 1.954	28238.673	
23-Nov-2017	sub237	934	  1	 43	  2	 0.00	  6	  1	440.073	440.071	440.568	442.442	446.570	 1.858	28238.673	
23-Nov-2017	sub237	934	  1	 44	  2	 4.00	  7	  3	449.546	449.554	450.051	452.671	456.053	 2.606	28238.673	
23-Nov-2017	sub237	934	  1	 45	  2	 6.00	 12	  4	461.119	461.126	461.623	462.883	467.625	 1.243	28238.673	
23-Nov-2017	sub237	934	  1	 46	  2	 0.00	  6	  1	469.101	469.100	469.598	471.322	475.599	 1.707	28238.673	
23-Nov-2017	sub237	934	  1	 47	  2	 0.00	  6	  3	476.966	476.959	477.473	481.087	483.474	 3.600	28238.673	
23-Nov-2017	sub237	934	  1	 48	  2	 4.00	  9	  4	488.370	488.365	488.879	490.238	494.864	 1.354	28238.673	
23-Nov-2017	sub237	934	  1	 49	  2	 6.00	 12	  2	498.204	498.213	498.710	500.301	504.711	 1.579	28238.673	
23-Nov-2017	sub237	934	  1	 50	  2	 4.00	  9	  2	505.932	505.938	506.436	508.823	512.437	 2.373	28238.673	
23-Nov-2017	sub237	934	  1	 51	  2	 0.00	  6	  1	515.775	515.769	516.283	517.775	522.268	 1.476	28238.673	
23-Nov-2017	sub237	934	  1	 52	  2	 2.00	  7	  1	526.535	526.529	527.043	528.552	533.028	 1.493	28238.673	
23-Nov-2017	sub237	934	  1	 53	  2	 0.00	  6	  1	538.488	538.482	538.996	540.206	544.981	 1.195	28238.673	
23-Nov-2017	sub237	934	  1	 54	  2	 6.00	 12	  2	549.643	549.640	550.137	551.298	556.139	 1.150	28238.673	
23-Nov-2017	sub237	934	  1	 55	  2	 6.00	 12	  4	557.417	557.415	557.912	560.946	563.914	 3.022	28238.673	
23-Nov-2017	sub237	934	  1	 56	  2	 0.00	  6	  3	568.961	568.954	569.468	571.490	575.469	 2.019	28238.673	
23-Nov-2017	sub237	934	  1	 57	  2	 4.00	  7	  3	582.361	582.366	582.863	584.670	588.865	 1.790	28238.673	
23-Nov-2017	sub237	934	  1	 58	  2	 4.00	  9	  2	591.740	591.733	592.247	593.706	598.248	 1.446	28238.673	
23-Nov-2017	sub237	934	  1	 59	  2	 0.00	  6	  1	604.306	604.300	604.814	606.355	610.815	 1.528	28238.673	
23-Nov-2017	sub237	934	  1	 60	  2	 6.00	 12	  2	617.814	617.811	618.309	620.779	624.310	 2.456	28238.673	
23-Nov-2017	sub237	934	  1	 61	  2	 4.00	  7	  3	631.259	631.257	631.754	633.329	637.755	 1.562	28238.673	
23-Nov-2017	sub237	934	  1	 62	  2	 4.00	  9	  4	643.052	643.061	643.558	645.713	649.559	 2.150	28238.673	
23-Nov-2017	sub237	934	  1	 63	  2	 2.00	  7	  1	651.950	651.947	652.444	654.318	658.446	 1.872	28238.673	
23-Nov-2017	sub237	934	  1	 64	  2	 6.00	 12	  2	663.024	663.021	663.519	665.077	669.520	 1.541	28238.673	
23-Nov-2017	sub237	934	  1	 65	  2	 0.00	  6	  3	670.910	670.913	671.410	673.980	677.412	 2.553	28238.673	
23-Nov-2017	sub237	934	  1	 66	  2	 2.00	  7	  3	683.232	683.231	683.728	685.684	689.730	 1.955	28238.673	
23-Nov-2017	sub237	934	  1	 67	  2	 6.00	  9	  2	692.823	692.830	693.327	694.836	699.329	 1.491	28238.673	
23-Nov-2017	sub237	934	  1	 68	  2	 0.00	  6	  3	705.684	705.678	706.192	707.668	712.177	 1.474	28238.673	
23-Nov-2017	sub237	934	  1	 69	  2	 6.00	 12	  2	718.492	718.494	718.991	720.185	724.993	 1.187	28238.673	
23-Nov-2017	sub237	934	  1	 70	  2	 0.00	  6	  3	727.351	727.347	727.844	728.971	733.846	 1.117	28238.673	
23-Nov-2017	sub237	934	  1	 71	  2	 6.00	 12	  4	737.279	737.277	737.775	739.002	743.776	 1.218	28238.673	
23-Nov-2017	sub237	934	  1	 72	  2	 2.00	  7	  1	748.130	748.136	748.634	750.159	754.635	 1.519	28238.673	
