Date 	 Name 	 ID 	 gender 	 Trial 	 RUN 	 Decision 	 OfferType 	 Condition 	 onstrial 	 ronsfix 	 ronsdec 	 ronsdec2 	 onsjitter 	 RT 	 GameOn 	 
02-Nov-2017	sub206	906	  1	  1	  1	 4.00	  9	  2	 0.000	 0.005	 0.502	 3.835	 6.504	 3.324	6044.740	
02-Nov-2017	sub206	906	  1	  2	  1	 2.00	  7	  3	 8.270	 8.278	 8.775	11.345	14.777	 2.555	6044.740	
02-Nov-2017	sub206	906	  1	  3	  1	 0.00	  6	  1	20.015	20.016	20.513	22.138	26.515	 1.618	6044.740	
02-Nov-2017	sub206	906	  1	  4	  1	 6.00	 12	  2	32.169	32.168	32.666	34.423	38.667	 1.753	6044.740	
02-Nov-2017	sub206	906	  1	  5	  1	 2.00	  7	  1	44.110	44.105	44.602	48.266	50.604	 3.656	6044.740	
02-Nov-2017	sub206	906	  1	  6	  1	 0.00	  6	  1	55.939	55.942	56.440	58.280	62.441	 1.826	6044.740	
02-Nov-2017	sub206	906	  1	  7	  1	 0.00	  6	  3	69.027	69.023	69.520	71.676	75.522	 2.146	6044.740	
02-Nov-2017	sub206	906	  1	  8	  1	 6.00	 12	  2	78.047	78.042	78.539	80.396	84.541	 1.855	6044.740	
02-Nov-2017	sub206	906	  1	  9	  1	 2.00	  7	  3	86.913	86.912	87.409	91.587	93.411	 4.161	6044.740	
02-Nov-2017	sub206	906	  1	 10	  1	 4.00	  9	  4	95.596	95.599	96.097	98.053	102.098	 1.944	6044.740	
02-Nov-2017	sub206	906	  1	 11	  1	 4.00	  9	  4	104.158	104.154	104.651	109.492	110.653	 4.830	6044.740	
02-Nov-2017	sub206	906	  1	 12	  1	 4.00	  9	  2	113.265	113.272	113.770	116.571	119.771	 2.800	6044.740	
02-Nov-2017	sub206	906	  1	 13	  1	 0.00	  6	  3	123.707	123.700	124.214	126.486	130.199	 2.258	6044.740	
02-Nov-2017	sub206	906	  1	 14	  1	 6.00	 12	  4	135.732	135.737	136.234	137.676	142.236	 1.430	6044.740	
02-Nov-2017	sub206	906	  1	 15	  1	 2.00	  7	  3	147.519	147.524	148.022	149.812	154.023	 1.787	6044.740	
02-Nov-2017	sub206	906	  1	 16	  1	 2.00	  7	  3	156.844	156.842	157.339	159.842	163.341	 2.501	6044.740	
02-Nov-2017	sub206	906	  1	 17	  1	 6.00	 12	  4	166.587	166.590	167.088	168.911	173.089	 1.809	6044.740	
02-Nov-2017	sub206	906	  1	 18	  1	 2.00	  7	  1	177.194	177.201	177.698	179.903	183.700	 2.190	6044.740	
02-Nov-2017	sub206	906	  1	 19	  1	 0.00	  6	  3	186.832	186.833	187.330	189.452	193.332	 2.117	6044.740	
02-Nov-2017	sub206	906	  1	 20	  1	 6.00	 12	  2	194.992	194.990	195.487	197.908	201.489	 2.416	6044.740	
02-Nov-2017	sub206	906	  1	 21	  1	 4.00	  9	  4	207.331	207.325	207.839	210.043	213.823	 2.193	6044.740	
02-Nov-2017	sub206	906	  1	 22	  1	 6.00	 12	  2	219.535	219.543	220.041	221.897	226.042	 1.855	6044.740	
02-Nov-2017	sub206	906	  1	 23	  1	 6.00	 12	  4	230.726	230.734	231.231	233.552	237.233	 2.312	6044.740	
02-Nov-2017	sub206	906	  1	 24	  1	 4.00	  9	  2	239.293	239.289	239.786	242.190	245.788	 2.389	6044.740	
02-Nov-2017	sub206	906	  1	 25	  1	 6.00	 12	  2	250.510	250.513	251.010	252.220	257.012	 1.205	6044.740	
02-Nov-2017	sub206	906	  1	 26	  1	 0.00	  6	  1	259.919	259.913	260.427	262.317	266.412	 1.884	6044.740	
02-Nov-2017	sub206	906	  1	 27	  1	 6.00	 12	  4	268.279	268.285	268.783	271.153	274.784	 2.360	6044.740	
02-Nov-2017	sub206	906	  1	 28	  1	 6.00	 12	  2	279.436	279.443	279.940	282.245	285.942	 2.298	6044.740	
02-Nov-2017	sub206	906	  1	 29	  1	 0.00	  6	  3	288.890	288.893	289.390	291.280	295.392	 1.888	6044.740	
02-Nov-2017	sub206	906	  1	 30	  1	 0.00	  6	  1	299.075	299.072	299.570	302.239	305.571	 2.661	6044.740	
02-Nov-2017	sub206	906	  1	 31	  1	 0.00	  6	  3	307.251	307.246	307.760	309.534	313.745	 1.758	6044.740	
02-Nov-2017	sub206	906	  1	 32	  1	 4.00	  9	  4	319.181	319.183	319.680	321.669	325.682	 1.982	6044.740	
02-Nov-2017	sub206	906	  1	 33	  1	 2.00	  7	  1	330.624	330.622	331.119	333.125	337.121	 1.991	6044.740	
02-Nov-2017	sub206	906	  1	 34	  1	 4.00	  9	  4	343.650	343.653	344.150	345.825	350.152	 1.663	6044.740	
02-Nov-2017	sub206	906	  1	 35	  1	 4.00	  9	  2	354.025	354.032	354.529	356.286	360.530	 1.740	6044.740	
02-Nov-2017	sub206	906	  1	 36	  1	 6.00	 12	  4	362.165	362.172	362.669	364.874	368.671	 2.200	6044.740	
02-Nov-2017	sub206	906	  1	 37	  1	 2.00	  7	  3	375.072	375.070	375.568	377.441	381.569	 1.869	6044.740	
02-Nov-2017	sub206	906	  1	 38	  1	 4.00	  9	  4	387.300	387.305	387.803	389.245	393.804	 1.426	6044.740	
02-Nov-2017	sub206	906	  1	 39	  1	 0.00	  6	  3	396.505	396.507	397.004	398.546	403.006	 1.528	6044.740	
02-Nov-2017	sub206	906	  1	 40	  1	 2.00	  7	  3	408.021	408.029	408.526	410.068	414.528	 1.526	6044.740	
02-Nov-2017	sub206	906	  1	 41	  1	 0.00	  6	  1	417.538	417.545	418.043	419.435	424.044	 1.385	6044.740	
02-Nov-2017	sub206	906	  1	 42	  1	 6.00	 12	  2	429.592	429.598	430.096	432.931	436.097	 2.820	6044.740	
02-Nov-2017	sub206	906	  1	 43	  1	 2.00	  7	  1	439.608	439.612	440.109	441.767	446.111	 1.655	6044.740	
02-Nov-2017	sub206	906	  1	 44	  1	 6.00	 12	  4	449.005	449.012	449.510	451.665	455.511	 2.149	6044.740	
02-Nov-2017	sub206	906	  1	 45	  1	 4.00	  9	  4	458.399	458.396	458.893	461.397	464.895	 2.494	6044.740	
02-Nov-2017	sub206	906	  1	 46	  1	 2.00	  7	  1	470.719	470.714	471.211	472.803	477.213	 1.584	6044.740	
02-Nov-2017	sub206	906	  1	 47	  1	 4.00	  9	  2	481.434	481.441	481.938	483.911	487.940	 1.969	6044.740	
02-Nov-2017	sub206	906	  1	 48	  1	 4.00	  9	  2	489.505	489.498	490.012	491.355	496.014	 1.327	6044.740	
02-Nov-2017	sub206	906	  1	 49	  1	 6.00	 12	  4	501.712	501.717	502.214	503.806	508.216	 1.589	6044.740	
02-Nov-2017	sub206	906	  1	 50	  1	 0.00	  6	  1	514.923	514.930	515.427	516.803	521.429	 1.359	6044.740	
02-Nov-2017	sub206	906	  1	 51	  1	 0.00	  6	  1	522.475	522.473	522.971	525.010	528.972	 2.031	6044.740	
02-Nov-2017	sub206	906	  1	 52	  1	 4.00	  9	  2	534.335	534.327	534.841	536.267	540.843	 1.409	6044.740	
02-Nov-2017	sub206	906	  1	 53	  1	 2.00	  7	  1	543.643	543.645	544.142	546.463	550.144	 2.316	6044.740	
02-Nov-2017	sub206	906	  1	 54	  1	 0.00	  6	  3	554.447	554.454	554.952	556.129	560.953	 1.162	6044.740	
02-Nov-2017	sub206	906	  1	 55	  1	 6.00	 12	  2	562.761	562.760	563.258	565.032	569.259	 1.760	6044.740	
02-Nov-2017	sub206	906	  1	 56	  1	 0.00	  6	  1	571.889	571.895	572.393	573.669	578.394	 1.273	6044.740	
02-Nov-2017	sub206	906	  1	 57	  1	 6.00	 12	  4	584.365	584.363	584.860	586.435	590.862	 1.566	6044.740	
02-Nov-2017	sub206	906	  1	 58	  1	 4.00	  9	  4	594.521	594.526	595.023	596.482	601.024	 1.450	6044.740	
02-Nov-2017	sub206	906	  1	 59	  1	 2.00	  7	  1	602.020	602.019	602.517	604.108	608.518	 1.589	6044.740	
02-Nov-2017	sub206	906	  1	 60	  1	 2.00	  7	  3	609.962	609.961	610.458	612.530	616.459	 2.056	6044.740	
02-Nov-2017	sub206	906	  1	 61	  1	 6.00	 12	  4	622.707	622.710	623.207	624.865	629.209	 1.650	6044.740	
02-Nov-2017	sub206	906	  1	 62	  1	 0.00	  6	  3	635.109	635.111	635.608	636.951	641.610	 1.337	6044.740	
02-Nov-2017	sub206	906	  1	 63	  1	 0.00	  6	  1	646.000	646.003	646.500	648.274	652.502	 1.772	6044.740	
02-Nov-2017	sub206	906	  1	 64	  1	 4.00	  9	  2	655.456	655.453	655.950	657.509	661.952	 1.553	6044.740	
02-Nov-2017	sub206	906	  1	 65	  1	 2.00	  7	  3	667.404	667.407	667.904	669.263	673.905	 1.345	6044.740	
02-Nov-2017	sub206	906	  1	 66	  1	 4.00	  9	  4	679.119	679.128	679.625	681.565	685.627	 1.927	6044.740	
02-Nov-2017	sub206	906	  1	 67	  1	 4.00	  9	  2	688.211	688.213	688.710	690.004	694.712	 1.289	6044.740	
02-Nov-2017	sub206	906	  1	 68	  1	 0.00	  6	  3	700.904	700.913	701.410	703.035	707.411	 1.614	6044.740	
02-Nov-2017	sub206	906	  1	 69	  1	 6.00	 12	  2	714.281	714.275	714.789	716.049	720.774	 1.258	6044.740	
02-Nov-2017	sub206	906	  1	 70	  1	 2.00	  7	  1	723.893	723.891	724.388	725.880	730.390	 1.483	6044.740	
02-Nov-2017	sub206	906	  1	 71	  1	 2.00	  7	  1	735.470	735.463	735.977	739.624	741.979	 3.638	6044.740	
02-Nov-2017	sub206	906	  1	 72	  1	 2.00	  7	  3	743.418	743.421	743.918	745.112	749.920	 1.177	6044.740	
02-Nov-2017	sub206	906	  1	  1	  2	 0.00	  6	  3	 0.000	 0.003	 0.501	 3.336	 6.502	 2.827	6829.154	
02-Nov-2017	sub206	906	  1	  2	  2	 0.00	  6	  1	10.465	10.465	10.962	11.758	16.964	 0.790	6829.154	
02-Nov-2017	sub206	906	  1	  3	  2	 4.00	  9	  2	18.462	18.456	18.970	22.120	24.955	 3.142	6829.154	
02-Nov-2017	sub206	906	  1	  4	  2	 6.00	 12	  4	30.796	30.790	31.304	32.747	37.289	 1.439	6829.154	
02-Nov-2017	sub206	906	  1	  5	  2	 2.00	  7	  1	43.034	43.042	43.540	45.131	49.541	 1.580	6829.154	
02-Nov-2017	sub206	906	  1	  6	  2	 4.00	  9	  4	51.611	51.614	52.111	53.752	58.112	 1.632	6829.154	
02-Nov-2017	sub206	906	  1	  7	  2	 6.00	 12	  2	64.051	64.048	64.545	66.452	70.547	 1.901	6829.154	
02-Nov-2017	sub206	906	  1	  8	  2	 6.00	 12	  4	74.566	74.559	75.073	77.211	81.074	 2.134	6829.154	
02-Nov-2017	sub206	906	  1	  9	  2	 2.00	  7	  3	84.269	84.274	84.771	86.380	90.773	 1.603	6829.154	
02-Nov-2017	sub206	906	  1	 10	  2	 4.00	  9	  4	92.684	92.680	93.177	95.216	99.179	 2.029	6829.154	
02-Nov-2017	sub206	906	  1	 11	  2	 6.00	 12	  4	101.482	101.483	101.980	103.804	107.982	 1.811	6829.154	
02-Nov-2017	sub206	906	  1	 12	  2	 4.00	  9	  2	112.619	112.624	113.121	115.442	119.123	 2.309	6829.154	
02-Nov-2017	sub206	906	  1	 13	  2	 2.00	  7	  1	120.698	120.698	121.195	122.886	127.197	 1.683	6829.154	
02-Nov-2017	sub206	906	  1	 14	  2	 6.00	 12	  4	130.751	130.745	131.259	134.608	137.244	 3.340	6829.154	
02-Nov-2017	sub206	906	  1	 15	  2	 6.00	 12	  2	141.733	141.737	142.234	143.527	148.236	 1.276	6829.154	
02-Nov-2017	sub206	906	  1	 16	  2	 2.00	  7	  3	153.757	153.756	154.254	155.597	160.255	 1.336	6829.154	
02-Nov-2017	sub206	906	  1	 17	  2	 0.00	  6	  1	162.020	161.996	162.527	163.820	168.528	 1.287	6829.154	
02-Nov-2017	sub206	906	  1	 18	  2	 4.00	  9	  4	171.409	171.413	171.911	173.767	177.912	 1.847	6829.154	
02-Nov-2017	sub206	906	  1	 19	  2	 0.00	  6	  1	179.441	179.437	179.935	181.244	185.936	 1.303	6829.154	
02-Nov-2017	sub206	906	  1	 20	  2	 0.00	  6	  3	190.021	190.015	190.529	191.938	196.514	 1.397	6829.154	
02-Nov-2017	sub206	906	  1	 21	  2	 6.00	 12	  2	200.889	200.890	201.388	202.598	207.389	 1.201	6829.154	
02-Nov-2017	sub206	906	  1	 22	  2	 6.00	 12	  4	210.809	210.805	211.302	212.313	217.304	 0.998	6829.154	
02-Nov-2017	sub206	906	  1	 23	  2	 2.00	  7	  1	222.904	222.907	223.405	224.416	229.406	 0.999	6829.154	
02-Nov-2017	sub206	906	  1	 24	  2	 4.00	  9	  2	232.261	232.258	232.755	234.629	238.757	 1.866	6829.154	
02-Nov-2017	sub206	906	  1	 25	  2	 4.00	  9	  4	244.432	244.427	244.941	247.544	250.926	 2.591	6829.154	
02-Nov-2017	sub206	906	  1	 26	  2	 2.00	  7	  3	255.540	255.535	256.049	257.740	262.034	 1.684	6829.154	
02-Nov-2017	sub206	906	  1	 27	  2	 2.00	  7	  1	268.923	268.930	269.428	270.771	275.429	 1.336	6829.154	
02-Nov-2017	sub206	906	  1	 28	  2	 0.00	  6	  3	281.337	281.331	281.845	283.437	287.830	 1.574	6829.154	
02-Nov-2017	sub206	906	  1	 29	  2	 4.00	  9	  4	289.370	289.372	289.870	291.179	295.871	 1.294	6829.154	
02-Nov-2017	sub206	906	  1	 30	  2	 4.00	  9	  2	301.985	301.989	302.486	304.061	308.488	 1.574	6829.154	
02-Nov-2017	sub206	906	  1	 31	  2	 6.00	 12	  2	310.457	310.461	310.958	312.434	316.960	 1.469	6829.154	
02-Nov-2017	sub206	906	  1	 32	  2	 6.00	 12	  4	320.958	320.955	321.452	323.972	327.454	 2.518	6829.154	
02-Nov-2017	sub206	906	  1	 33	  2	 4.00	  9	  4	328.913	328.913	329.410	332.577	335.412	 3.161	6829.154	
02-Nov-2017	sub206	906	  1	 34	  2	 4.00	  9	  4	338.109	338.114	338.612	340.236	344.613	 1.616	6829.154	
02-Nov-2017	sub206	906	  1	 35	  2	 2.00	  7	  1	350.009	350.018	350.515	352.173	356.517	 1.647	6829.154	
02-Nov-2017	sub206	906	  1	 36	  2	 2.00	  7	  3	358.613	358.606	359.120	360.512	365.121	 1.378	6829.154	
02-Nov-2017	sub206	906	  1	 37	  2	 4.00	  9	  2	367.529	367.525	368.023	369.034	374.024	 0.995	6829.154	
02-Nov-2017	sub206	906	  1	 38	  2	 0.00	  6	  3	380.053	380.059	380.556	381.319	386.558	 0.749	6829.154	
02-Nov-2017	sub206	906	  1	 39	  2	 4.00	  9	  2	390.470	390.471	390.968	392.029	396.970	 1.058	6829.154	
02-Nov-2017	sub206	906	  1	 40	  2	 0.00	  6	  1	403.340	403.336	403.833	404.712	409.835	 0.872	6829.154	
02-Nov-2017	sub206	906	  1	 41	  2	 2.00	  7	  1	415.499	415.505	416.002	417.677	422.004	 1.671	6829.154	
02-Nov-2017	sub206	906	  1	 42	  2	 2.00	  7	  3	427.237	427.243	427.740	428.619	433.742	 0.877	6829.154	
02-Nov-2017	sub206	906	  1	 43	  2	 0.00	  6	  1	440.073	440.075	440.572	442.164	446.574	 1.589	6829.154	
02-Nov-2017	sub206	906	  1	 44	  2	 2.00	  7	  3	449.546	449.541	450.039	451.382	456.040	 1.339	6829.154	
02-Nov-2017	sub206	906	  1	 45	  2	 6.00	 12	  4	461.119	461.113	461.627	463.070	467.612	 1.429	6829.154	
02-Nov-2017	sub206	906	  1	 46	  2	 0.00	  6	  1	469.101	469.104	469.602	470.547	475.603	 0.943	6829.154	
02-Nov-2017	sub206	906	  1	 47	  2	 0.00	  6	  3	476.966	476.963	477.460	478.571	483.462	 1.108	6829.154	
02-Nov-2017	sub206	906	  1	 48	  2	 4.00	  9	  4	488.370	488.369	488.867	490.425	494.868	 1.541	6829.154	
02-Nov-2017	sub206	906	  1	 49	  2	 6.00	 12	  2	498.204	498.200	498.698	501.798	504.699	 3.086	6829.154	
02-Nov-2017	sub206	906	  1	 50	  2	 4.00	  9	  2	505.932	505.926	506.440	510.684	512.425	 4.232	6829.154	
02-Nov-2017	sub206	906	  1	 51	  2	 0.00	  6	  1	515.775	515.774	516.272	518.659	522.273	 2.377	6829.154	
02-Nov-2017	sub206	906	  1	 52	  2	 2.00	  7	  1	526.535	526.534	527.031	529.303	533.033	 2.265	6829.154	
02-Nov-2017	sub206	906	  1	 53	  2	 0.00	  6	  1	538.488	538.487	538.985	540.609	544.986	 1.615	6829.154	
02-Nov-2017	sub206	906	  1	 54	  2	 6.00	 12	  2	549.643	549.645	550.142	552.712	556.144	 2.554	6829.154	
02-Nov-2017	sub206	906	  1	 55	  2	 6.00	 12	  4	557.417	557.420	557.918	559.095	563.919	 1.161	6829.154	
02-Nov-2017	sub206	906	  1	 56	  2	 0.00	  6	  3	568.961	568.959	569.457	570.253	575.458	 0.782	6829.154	
02-Nov-2017	sub206	906	  1	 57	  2	 2.00	  7	  3	582.361	582.355	582.869	584.146	588.854	 1.273	6829.154	
02-Nov-2017	sub206	906	  1	 58	  2	 4.00	  9	  2	591.740	591.739	592.236	593.828	598.238	 1.587	6829.154	
02-Nov-2017	sub206	906	  1	 59	  2	 0.00	  6	  1	604.306	604.306	604.803	606.560	610.805	 1.756	6829.154	
02-Nov-2017	sub206	906	  1	 60	  2	 6.00	 12	  2	617.814	617.817	618.315	619.691	624.316	 1.371	6829.154	
02-Nov-2017	sub206	906	  1	 61	  2	 2.00	  7	  3	631.259	631.263	631.760	633.352	637.762	 1.589	6829.154	
02-Nov-2017	sub206	906	  1	 62	  2	 4.00	  9	  4	643.052	643.051	643.548	644.709	649.550	 1.154	6829.154	
02-Nov-2017	sub206	906	  1	 63	  2	 2.00	  7	  1	651.950	651.954	652.451	653.578	658.452	 1.115	6829.154	
02-Nov-2017	sub206	906	  1	 64	  2	 6.00	 12	  2	663.024	663.028	663.526	664.487	669.527	 0.952	6829.154	
02-Nov-2017	sub206	906	  1	 65	  2	 0.00	  6	  3	670.910	670.903	671.417	672.627	677.419	 1.205	6829.154	
02-Nov-2017	sub206	906	  1	 66	  2	 2.00	  7	  3	683.232	683.238	683.735	685.211	689.737	 1.470	6829.154	
02-Nov-2017	sub206	906	  1	 67	  2	 4.00	  9	  2	692.823	692.821	693.318	695.738	699.320	 2.407	6829.154	
02-Nov-2017	sub206	906	  1	 68	  2	 0.00	  6	  3	705.684	705.686	706.183	707.294	712.185	 1.101	6829.154	
02-Nov-2017	sub206	906	  1	 69	  2	 6.00	 12	  2	718.492	718.485	718.999	720.043	725.000	 1.029	6829.154	
02-Nov-2017	sub206	906	  1	 70	  2	 0.00	  6	  3	727.351	727.355	727.852	728.780	733.853	 0.912	6829.154	
02-Nov-2017	sub206	906	  1	 71	  2	 6.00	 12	  4	737.279	737.285	737.783	738.678	743.784	 0.878	6829.154	
02-Nov-2017	sub206	906	  1	 72	  2	 2.00	  7	  1	748.130	748.128	748.625	750.200	754.627	 1.571	6829.154	
