Date 	 Name 	 ID 	 gender 	 Trial 	 RUN 	 Decision 	 OfferType 	 Condition 	 onstrial 	 ronsfix 	 ronsdec 	 ronsdec2 	 onsjitter 	 RT 	 GameOn 	 
2-Sep-13	sub106	906	2	1	1	2	9	2	0	0.005	0.506	4.548	6.501	4.032	13712.74	
2-Sep-13	sub106	906	2	2	1	0	7	3	8.27	8.271	8.773	12.396	14.768	3.622	13712.74	
2-Sep-13	sub106	906	2	3	1	0	6	1	20.015	20.011	20.512	21.899	26.507	1.37	13712.74	
2-Sep-13	sub106	906	2	4	1	4	12	2	32.169	32.169	32.67	37.68	38.665	4.996	13712.74	
2-Sep-13	sub106	906	2	5	1	0	7	1	44.11	44.109	44.61	47.7	50.606	3.08	13712.74	
2-Sep-13	sub106	906	2	6	1	0	6	1	55.939	55.933	56.434	58.053	62.446	1.617	13712.74	
2-Sep-13	sub106	906	2	7	1	0	6	3	69.027	69.025	69.526	71.965	75.521	2.42	13712.74	
2-Sep-13	sub106	906	2	8	1	0	12	2	78.047	78.043	78.544	0	84.556	0	13712.74	
2-Sep-13	sub106	906	2	9	1	0	7	3	86.913	86.911	87.412	91.553	93.407	4.127	13712.74	
2-Sep-13	sub106	906	2	10	1	4	9	4	95.596	95.595	96.096	98.835	102.091	2.731	13712.74	
2-Sep-13	sub106	906	2	11	1	4	9	4	104.158	104.162	104.663	106.45	110.658	1.771	13712.74	
2-Sep-13	sub106	906	2	12	1	4	9	2	113.265	113.263	113.764	116.519	119.759	2.75	13712.74	
2-Sep-13	sub106	906	2	13	1	0	6	3	123.707	123.7	124.201	125.487	130.213	1.273	13712.74	
2-Sep-13	sub106	906	2	14	1	6	12	4	135.732	135.741	136.225	137.745	142.237	1.505	13712.74	
2-Sep-13	sub106	906	2	15	1	0	7	3	147.519	147.514	148.015	150.086	154.027	2.059	13712.74	
2-Sep-13	sub106	906	2	16	1	2	7	3	156.844	156.85	157.351	162.377	163.346	5.019	13712.74	
2-Sep-13	sub106	906	2	17	1	6	12	4	166.587	166.586	167.087	170.176	173.082	3.084	13712.74	
2-Sep-13	sub106	906	2	18	1	0	7	1	177.194	177.19	177.691	179.444	183.703	1.743	13712.74	
2-Sep-13	sub106	906	2	19	1	0	6	3	186.832	186.826	187.327	189.231	193.339	1.891	13712.74	
2-Sep-13	sub106	906	2	20	1	0	12	2	194.992	194.992	195.493	199.217	201.488	3.717	13712.74	
2-Sep-13	sub106	906	2	21	1	2	9	4	207.331	207.333	207.834	210.823	213.829	2.984	13712.74	
2-Sep-13	sub106	906	2	22	1	4	12	2	219.535	219.541	220.042	222.413	226.037	2.368	13712.74	
2-Sep-13	sub106	906	2	23	1	4	12	4	230.726	230.73	231.231	233.368	237.226	2.124	13712.74	
2-Sep-13	sub106	906	2	24	1	2	9	2	239.293	239.297	239.798	244.273	245.792	4.469	13712.74	
2-Sep-13	sub106	906	2	25	1	4	12	2	250.51	250.519	251.003	253.458	257.015	2.448	13712.74	
2-Sep-13	sub106	906	2	26	1	0	6	1	259.919	259.921	260.422	262.159	266.417	1.725	13712.74	
2-Sep-13	sub106	906	2	27	1	4	12	4	268.279	268.287	268.772	270.826	274.783	2.047	13712.74	
2-Sep-13	sub106	906	2	28	1	2	12	2	279.436	279.443	279.944	284.536	285.939	4.578	13712.74	
2-Sep-13	sub106	906	2	29	1	0	6	3	288.89	288.895	289.396	290.515	295.391	1.102	13712.74	
2-Sep-13	sub106	906	2	30	1	0	6	1	299.075	299.082	299.583	301.136	305.578	1.547	13712.74	
2-Sep-13	sub106	906	2	31	1	0	6	3	307.251	307.248	307.749	309.703	313.744	1.941	13712.74	
2-Sep-13	sub106	906	2	32	1	2	9	4	319.181	319.188	319.689	322.578	325.685	2.873	13712.74	
2-Sep-13	sub106	906	2	33	1	0	7	1	330.624	330.628	331.129	335.22	337.124	4.073	13712.74	
2-Sep-13	sub106	906	2	34	1	2	9	4	343.65	343.653	344.154	346.409	350.15	2.248	13712.74	
2-Sep-13	sub106	906	2	35	1	2	9	2	354.025	354.024	354.525	356.713	360.52	2.173	13712.74	
2-Sep-13	sub106	906	2	36	1	4	12	4	362.165	362.174	362.658	363.827	368.67	1.153	13712.74	
2-Sep-13	sub106	906	2	37	1	2	7	3	375.072	375.066	375.567	378.356	381.579	2.78	13712.74	
2-Sep-13	sub106	906	2	38	1	4	9	4	387.3	387.307	387.808	391.398	393.803	3.578	13712.74	
2-Sep-13	sub106	906	2	39	1	0	6	3	396.505	396.508	397.009	398.245	403.004	1.217	13712.74	
2-Sep-13	sub106	906	2	40	1	0	7	3	408.021	408.014	408.515	411.905	414.527	3.383	13712.74	
2-Sep-13	sub106	906	2	41	1	0	6	1	417.538	417.533	418.034	419.02	424.046	0.976	13712.74	
2-Sep-13	sub106	906	2	42	1	4	12	2	429.592	429.59	430.091	432.68	436.086	2.575	13712.74	
2-Sep-13	sub106	906	2	43	1	0	7	1	439.608	439.61	440.111	442.617	446.107	2.491	13712.74	
2-Sep-13	sub106	906	2	44	1	4	12	4	449.005	449.013	449.514	451.818	455.509	2.289	13712.74	
2-Sep-13	sub106	906	2	45	1	2	9	4	458.399	458.398	458.899	463.708	464.894	4.792	13712.74	
2-Sep-13	sub106	906	2	46	1	0	7	1	470.719	470.722	471.223	473.711	477.218	2.475	13712.74	
2-Sep-13	sub106	906	2	47	1	2	9	2	481.434	481.427	481.928	484.149	487.94	2.211	13712.74	
2-Sep-13	sub106	906	2	48	1	2	9	2	489.505	489.51	490.011	492.849	496.006	2.832	13712.74	
2-Sep-13	sub106	906	2	49	1	4	12	4	501.712	501.717	502.218	503.47	508.213	1.248	13712.74	
2-Sep-13	sub106	906	2	50	1	0	6	1	514.923	514.926	515.428	516.346	521.423	0.911	13712.74	
2-Sep-13	sub106	906	2	51	1	0	6	1	522.475	522.475	522.976	524.078	528.971	1.098	13712.74	
2-Sep-13	sub106	906	2	52	1	2	9	2	534.335	534.332	534.833	536.954	540.845	2.106	13712.74	
2-Sep-13	sub106	906	2	53	1	0	7	1	543.643	543.65	544.151	545.988	550.146	1.827	13712.74	
2-Sep-13	sub106	906	2	54	1	0	6	3	554.447	554.455	554.956	556.325	560.951	1.366	13712.74	
2-Sep-13	sub106	906	2	55	1	4	12	2	562.761	562.755	563.256	564.758	569.268	1.499	13712.74	
2-Sep-13	sub106	906	2	56	1	0	6	1	571.889	571.89	572.391	573.242	578.386	0.836	13712.74	
2-Sep-13	sub106	906	2	57	1	4	12	4	584.365	584.364	584.865	586.051	590.86	1.169	13712.74	
2-Sep-13	sub106	906	2	58	1	2	9	4	594.521	594.518	595.019	597.373	601.014	2.352	13712.74	
2-Sep-13	sub106	906	2	59	1	0	7	1	602.02	602.016	602.517	603.903	608.529	1.374	13712.74	
2-Sep-13	sub106	906	2	60	1	0	7	3	609.962	609.965	610.466	611.618	616.461	1.144	13712.74	
2-Sep-13	sub106	906	2	61	1	4	12	4	622.707	622.707	623.208	624.46	629.203	1.242	13712.74	
2-Sep-13	sub106	906	2	62	1	0	6	3	635.109	635.115	635.616	636.735	641.611	1.106	13712.74	
2-Sep-13	sub106	906	2	63	1	0	6	1	646	646.003	646.504	647.339	652.499	0.818	13712.74	
2-Sep-13	sub106	906	2	64	1	2	9	2	655.456	655.455	655.956	657.442	661.951	1.478	13712.74	
2-Sep-13	sub106	906	2	65	1	0	7	3	667.404	667.412	667.896	670.853	673.909	2.938	13712.74	
2-Sep-13	sub106	906	2	66	1	2	9	4	679.119	679.119	679.62	682.559	685.615	2.926	13712.74	
2-Sep-13	sub106	906	2	67	1	2	9	2	688.211	688.203	688.704	691.41	694.717	2.698	13712.74	
2-Sep-13	sub106	906	2	68	1	0	6	3	700.904	700.912	701.396	702.231	707.408	0.83	13712.74	
2-Sep-13	sub106	906	2	69	1	4	12	2	714.281	714.289	714.79	716.209	720.785	1.412	13712.74	
2-Sep-13	sub106	906	2	70	1	0	7	1	723.893	723.891	724.392	725.678	730.387	1.267	13712.74	
2-Sep-13	sub106	906	2	71	1	0	7	1	735.47	735.464	735.965	736.95	741.977	0.981	13712.74	
2-Sep-13	sub106	906	2	72	1	0	7	3	743.418	743.413	743.914	745.484	749.926	1.561	13712.74	
2-Sep-13	sub106	906	2	1	2	0	6	3	0	0.017	0.502	1.587	6.496	1.075	14567.189	
2-Sep-13	sub106	906	2	2	2	0	6	1	10.465	10.471	10.972	11.824	16.967	0.836	14567.189	
2-Sep-13	sub106	906	2	3	2	2	9	2	18.462	18.471	18.954	20.525	24.967	1.558	14567.189	
2-Sep-13	sub106	906	2	4	2	4	12	4	30.796	30.795	31.296	32.649	37.291	1.337	14567.189	
2-Sep-13	sub106	906	2	5	2	0	7	1	43.034	43.036	43.537	44.656	49.532	1.104	14567.189	
2-Sep-13	sub106	906	2	6	2	2	9	4	51.611	51.62	52.104	53.54	58.116	1.425	14567.189	
2-Sep-13	sub106	906	2	7	2	4	12	2	64.051	64.044	64.545	65.73	70.557	1.184	14567.189	
2-Sep-13	sub106	906	2	8	2	4	12	4	74.566	74.565	75.066	76.302	81.061	1.231	14567.189	
2-Sep-13	sub106	906	2	9	2	0	7	3	84.269	84.268	84.769	86.121	90.764	1.336	14567.189	
2-Sep-13	sub106	906	2	10	2	2	9	4	92.684	92.684	93.185	95.824	99.181	2.624	14567.189	
2-Sep-13	sub106	906	2	11	2	4	12	4	101.482	101.485	101.986	103.573	107.981	1.575	14567.189	
2-Sep-13	sub106	906	2	12	2	2	9	2	112.619	112.624	113.125	114.627	119.12	1.5	14567.189	
2-Sep-13	sub106	906	2	13	2	0	7	1	120.698	120.707	121.19	122.293	127.203	1.09	14567.189	
2-Sep-13	sub106	906	2	14	2	4	12	4	130.751	130.76	131.244	132.43	137.256	1.181	14567.189	
2-Sep-13	sub106	906	2	15	2	4	12	2	141.733	141.732	142.233	143.986	148.228	1.736	14567.189	
2-Sep-13	sub106	906	2	16	2	0	7	3	153.757	153.755	154.256	155.275	160.252	1.008	14567.189	
2-Sep-13	sub106	906	2	17	2	0	6	1	162.02	162.022	162.523	163.191	168.518	0.654	14567.189	
2-Sep-13	sub106	906	2	18	2	2	9	4	171.409	171.407	171.908	173.695	177.903	1.781	14567.189	
2-Sep-13	sub106	906	2	19	2	0	6	1	179.441	179.44	179.941	180.959	185.936	1.012	14567.189	
2-Sep-13	sub106	906	2	20	2	0	6	3	190.021	190.028	190.529	191.864	196.524	1.328	14567.189	
2-Sep-13	sub106	906	2	21	2	4	12	2	200.889	200.882	201.383	203.07	207.395	1.682	14567.189	
2-Sep-13	sub106	906	2	22	2	4	12	4	210.809	210.802	211.303	212.639	217.315	1.33	14567.189	
2-Sep-13	sub106	906	2	23	2	0	7	1	222.904	222.909	223.41	224.496	229.406	1.07	14567.189	
2-Sep-13	sub106	906	2	24	2	2	9	2	232.261	232.261	232.762	234.048	238.757	1.27	14567.189	
2-Sep-13	sub106	906	2	25	2	2	9	4	244.432	244.435	244.936	246.69	250.932	1.736	14567.189	
2-Sep-13	sub106	906	2	26	2	0	7	3	255.54	255.541	256.042	257.161	262.037	1.103	14567.189	
2-Sep-13	sub106	906	2	27	2	0	7	1	268.923	268.917	269.418	270.404	275.43	0.967	14567.189	
2-Sep-13	sub106	906	2	28	2	0	6	3	281.337	281.342	281.843	282.611	287.838	0.766	14567.189	
2-Sep-13	sub106	906	2	29	2	2	9	4	289.37	289.375	289.876	293.299	295.871	3.405	14567.189	
2-Sep-13	sub106	906	2	30	2	2	9	2	301.985	301.983	302.484	304.488	308.479	1.997	14567.189	
2-Sep-13	sub106	906	2	31	2	4	12	2	310.457	310.45	310.951	312.12	316.963	1.162	14567.189	
2-Sep-13	sub106	906	2	32	2	4	12	4	320.958	320.953	321.454	322.641	327.467	1.17	14567.189	
2-Sep-13	sub106	906	2	33	2	2	9	4	328.913	328.92	329.421	330.974	335.416	1.548	14567.189	
2-Sep-13	sub106	906	2	34	2	2	9	4	338.109	338.104	338.605	339.825	344.618	1.203	14567.189	
2-Sep-13	sub106	906	2	35	2	0	7	1	350.009	350.012	350.513	351.464	356.507	0.936	14567.189	
2-Sep-13	sub106	906	2	36	2	0	7	3	358.613	358.612	359.113	359.981	365.108	0.864	14567.189	
2-Sep-13	sub106	906	2	37	2	2	9	2	367.529	367.53	368.031	369.984	374.026	1.938	14567.189	
2-Sep-13	sub106	906	2	38	2	0	6	3	380.053	380.054	380.555	381.34	386.551	0.781	14567.189	
2-Sep-13	sub106	906	2	39	2	2	9	2	390.47	390.475	390.976	392.045	396.971	1.057	14567.189	
2-Sep-13	sub106	906	2	40	2	0	6	1	403.34	403.334	403.835	404.52	409.847	0.67	14567.189	
2-Sep-13	sub106	906	2	41	2	0	7	1	415.499	415.508	415.992	419.433	422.004	3.425	14567.189	
2-Sep-13	sub106	906	2	42	2	0	7	3	427.237	427.231	427.732	428.484	433.744	0.741	14567.189	
2-Sep-13	sub106	906	2	43	2	0	6	1	440.073	440.073	440.574	441.326	446.569	0.747	14567.189	
2-Sep-13	sub106	906	2	44	2	0	7	3	449.546	449.542	450.043	450.912	456.055	0.854	14567.189	
2-Sep-13	sub106	906	2	45	2	4	12	4	461.119	461.115	461.616	463.219	467.628	1.601	14567.189	
2-Sep-13	sub106	906	2	46	2	0	6	1	469.101	469.098	469.599	470.334	475.594	0.73	14567.189	
2-Sep-13	sub106	906	2	47	2	0	6	3	476.966	476.963	477.464	478.283	483.46	0.808	14567.189	
2-Sep-13	sub106	906	2	48	2	2	9	4	488.37	488.369	488.87	490.507	494.865	1.627	14567.189	
2-Sep-13	sub106	906	2	49	2	4	12	2	498.204	498.206	498.706	499.875	504.702	1.166	14567.189	
2-Sep-13	sub106	906	2	50	2	2	9	2	505.932	505.938	506.439	507.791	512.434	1.346	14567.189	
2-Sep-13	sub106	906	2	51	2	0	6	1	515.775	515.773	516.275	517.26	522.27	0.974	14567.189	
2-Sep-13	sub106	906	2	52	2	0	7	1	526.535	526.528	527.029	527.897	533.041	0.86	14567.189	
2-Sep-13	sub106	906	2	53	2	0	6	1	538.488	538.485	538.986	539.738	544.982	0.742	14567.189	
2-Sep-13	sub106	906	2	54	2	4	12	2	549.643	549.641	550.142	551.227	556.137	1.075	14567.189	
2-Sep-13	sub106	906	2	55	2	4	12	4	557.417	557.423	557.924	558.926	563.919	0.989	14567.189	
2-Sep-13	sub106	906	2	56	2	0	6	3	568.961	568.963	569.464	570.232	575.458	0.753	14567.189	
2-Sep-13	sub106	906	2	57	2	0	7	3	582.361	582.355	582.856	583.558	588.869	0.696	14567.189	
2-Sep-13	sub106	906	2	58	2	0	9	2	591.74	591.741	592.242	592.977	598.237	0.719	14567.189	
2-Sep-13	sub106	906	2	59	2	0	6	1	604.306	604.299	604.8	605.669	610.812	0.865	14567.189	
2-Sep-13	sub106	906	2	60	2	2	12	2	617.814	617.809	618.31	620.431	624.322	2.115	14567.189	
2-Sep-13	sub106	906	2	61	2	0	7	3	631.259	631.252	631.754	632.605	637.766	0.847	14567.189	
2-Sep-13	sub106	906	2	62	2	0	9	4	643.052	643.06	643.561	644.896	649.556	1.328	14567.189	
2-Sep-13	sub106	906	2	63	2	0	7	1	651.95	651.944	652.445	653.764	658.457	1.308	14567.189	
2-Sep-13	sub106	906	2	64	2	4	12	2	663.024	663.032	663.516	665.337	669.529	1.813	14567.189	
2-Sep-13	sub106	906	2	65	2	0	6	3	670.91	670.915	671.416	672.367	677.411	0.945	14567.189	
2-Sep-13	sub106	906	2	66	2	0	7	3	683.232	683.239	683.74	684.675	689.735	0.917	14567.189	
2-Sep-13	sub106	906	2	67	2	0	9	2	692.823	692.825	693.326	695.998	699.321	2.667	14567.189	
2-Sep-13	sub106	906	2	68	2	0	6	3	705.684	705.684	706.185	707.053	712.18	0.856	14567.189	
2-Sep-13	sub106	906	2	69	2	2	12	2	718.492	718.492	718.993	721.214	724.989	2.215	14567.189	
2-Sep-13	sub106	906	2	70	2	0	6	3	727.351	727.36	727.844	728.696	733.856	0.845	14567.189	
2-Sep-13	sub106	906	2	71	2	2	12	4	737.279	737.28	737.781	739.735	743.776	1.94	14567.189	
2-Sep-13	sub106	906	2	72	2	0	7	1	748.13	748.135	748.636	749.47	754.631	0.829	14567.189	
